Multiple size <= 100
TEST 1 ARG:3 33 95 36 49 83 90 73 40 51 23 28 32 35 76 74 66 88 60 45 13 41 93 19 15 71 89 12 86 64 84 59 16 65 85 8 20 81 96 69 37 54 11 91 22 0 61 21 80 56 50 24 53 79 1 27 17 29 25 78 75 43 70 67 31 9 39 18 62 97 47 2 58 57 82 5 68 42 4 44 10 30 98 46 99 77 55 52 48 38 14 6 87 7 34 94 72 63 92 26
TEST 2 ARG:11 1 3 99 97 37 67 82 23 81 89 4 41 43 24 51 64 77 92 94 65 32 30 26 72 10 96 14 78 21 13 19 9 20 98 22 83 7 17 16 34 71 0 12 29 6 39 86 63 85 42 31 74 2 25 59 15 55 93 48 75 5 45 91 8 69 79 36 80 18 61 33 56 52 95 47 68 88 60 58 50 38 66 54 73 27 46 57 76 90 28 49 53 70 62 35 84 40 87 44
TEST 3 ARG:63 73 79 3 64 61 74 62 93 53 99 82 37 97 38 26 57 75 12 28 2 77 85 50 31 43 69 35 33 30 76 16 65 98 68 8 86 15 21 88 0 20 32 44 9 87 66 45 54 94 84 4 41 11 49 42 36 52 89 71 22 80 39 34 18 29 96 83 60 90 1 23 72 6 48 92 25 70 7 19 55 91 10 56 58 24 47 46 5 59 78 13 40 81 27 51 17 14 95 67
TEST 4 ARG:26 8 99 19 7 18 24 30 70 75 81 4 10 28 32 47 51 33 62 56 23 13 3 44 12 20 50 67 21 53 17 91 11 86 61 41 1 65 79 35 57 84 5 90 69 37 78 0 31 98 63 39 89 77 49 80 14 97 71 64 58 45 94 85 59 40 48 34 96 88 36 6 76 46 43 68 54 73 2 42 25 83 60 52 95 72 87 38 9 82 74 16 93 27 29 92 55 66 22 15
TEST 5 ARG:0 41 74 29 45 58 44 77 12 76 96 17 32 22 6 81 55 94 40 4 26 88 9 39 71 35 1 42 52 43 28 59 60 5 36 85 13 73 48 25 53 99 79 24 67 92 89 54 18 8 69 57 34 50 56 63 90 70 23 83 98 38 27 10 95 33 31 37 65 2 68 46 51 7 14 62 80 19 91 87 20 84 86 16 72 3 11 66 97 21 49 61 15 93 82 75 30 78 47 64
TEST 6 ARG:98 79 91 29 5 38 82 70 26 31 93 69 57 94 74 25 48 46 54 53 80 19 76 73 96 89 21 41 43 51 20 90 18 87 30 62 10 99 66 28 67 60 71 65 84 13 77 49 64 40 32 17 92 9 39 2 55 8 56 34 47 1 72 11 16 97 35 86 6 63 52 61 59 45 3 14 95 81 22 88 75 27 58 24 68 0 78 85 42 37 15 36 23 44 7 50 4 33 12 83
TEST 7 ARG:36 75 46 94 57 26 84 86 33 50 27 81 99 12 67 0 29 52 63 76 48 23 11 44 61 24 32 42 6 64 60 62 70 96 77 93 7 71 30 40 34 3 2 21 45 25 4 79 17 41 18 10 90 14 56 83 98 28 13 87 88 82 65 5 22 15 31 95 49 16 53 20 80 66 47 74 72 55 1 89 85 68 37 78 54 69 51 39 58 97 19 91 43 92 8 35 38 59 73 9
TEST 8 ARG:55 91 85 53 14 7 54 37 52 35 36 49 96 9 67 44 59 95 22 63 50 51 5 97 65 71 33 46 93 24 18 57 43 11 20 61 86 66 15 17 42 75 77 38 88 26 31 81 70 19 69 13 39 80 47 6 34 4 83 89 72 79 40 62 74 98 27 8 82 23 32 87 73 12 3 41 45 64 16 30 25 58 60 94 92 99 1 76 56 78 84 29 10 21 90 28 68 2 0 48
TEST 8 ARG:55 91 85 53 14 7 54 37 52 35 36 49 96 9 67 44 59 95 22 63 50 51 5 97 65 71 33 46 93 24 18 57 43 11 20 61 86 66 15 17 42 75 77 38 88 26 31 81 70 19 69 13 39 80 47 6 34 4 83 89 72 79 40 62 74 98 27 8 82 23 32 87 73 12 3 41 45 64 16 30 25 58 60 94 92 99 1 76 56 78 84 29 10 21 90 28 68 2 0 48
TEST 9 ARG:28 80 92 60 22 98 5 44 84 58 29 82 72 3 65 1 99 77 25 66 6 4 68 91 86 34 46 41 83 15 63 85 62 12 33 18 23 42 21 87 11 76 69 47 94 37 38 74 57 78 7 9 19 90 40 43 32 48 17 71 70 52 79 81 75 49 73 13 36 35 30 59 88 27 0 64 95 39 93 14 20 96 8 16 24 51 26 50 54 53 10 67 97 31 2 45 61 55 56 89
TEST 10 ARG:50 55 3 51 9 48 84 44 89 52 8 83 62 43 80 23 57 21 68 4 14 92 34 16 59 42 90 71 24 31 0 19 88 26 15 17 12 91 73 45 58 99 41 64 74 11 82 65 28 67 63 22 86 30 96 1 85 97 33 87 13 95 69 6 20 75 98 60 10 38 5 7 77 81 27 37 46 2 56 18 49 25 54 53 78 40 61 76 32 70 47 79 35 94 93 72 36 29 39 66
TEST 11 ARG:64 15 61 96 53 4 42 48 75 32 66 77 87 25 92 89 19 20 37 0 10 54 74 68 93 50 57 8 21 31 62 80 47 65 72 51 13 24 35 6 17 56 9 79 69 82 97 3 33 84 46 7 67 60 36 71 99 58 44 70 29 78 98 49 76 81 43 45 34 85 63 88 91 28 23 14 30 18 83 94 90 95 16 86 73 22 26 5 52 11 12 39 59 1 38 55 41 40 27 2
TEST 11 ARG:64 15 61 96 53 4 42 48 75 32 66 77 87 25 92 89 19 20 37 0 10 54 74 68 93 50 57 8 21 31 62 80 47 65 72 51 13 24 35 6 17 56 9 79 69 82 97 3 33 84 46 7 67 60 36 71 99 58 44 70 29 78 98 49 76 81 43 45 34 85 63 88 91 28 23 14 30 18 83 94 90 95 16 86 73 22 26 5 52 11 12 39 59 1 38 55 41 40 27 2
TEST 12 ARG:95 3 53 15 1 30 0 91 90 16 36 19 44 5 97 20 88 92 77 34 87 25 83 75 65 79 67 43 9 68 42 39 49 59 37 50 51 40 32 58 18 93 6 14 86 48 27 99 11 82 21 52 13 57 80 81 76 85 96 71 70 60 69 33 2 22 41 45 94 35 8 38 78 56 7 10 29 31 17 47 23 66 12 63 26 74 98 72 61 54 46 55 28 73 62 89 64 4 84 24
TEST 12 ARG:95 3 53 15 1 30 0 91 90 16 36 19 44 5 97 20 88 92 77 34 87 25 83 75 65 79 67 43 9 68 42 39 49 59 37 50 51 40 32 58 18 93 6 14 86 48 27 99 11 82 21 52 13 57 80 81 76 85 96 71 70 60 69 33 2 22 41 45 94 35 8 38 78 56 7 10 29 31 17 47 23 66 12 63 26 74 98 72 61 54 46 55 28 73 62 89 64 4 84 24
TEST 13 ARG:25 64 89 4 45 21 58 88 54 9 87 75 44 15 83 95 93 62 32 61 66 77 26 52 29 80 70 51 6 42 96 67 5 13 90 18 23 91 10 57 2 0 65 94 59 36 85 30 69 24 68 27 40 81 73 1 53 16 7 84 86 76 72 3 8 50 71 47 63 20 14 74 92 99 11 46 49 41 33 55 43 79 35 31 97 37 39 34 56 78 19 82 38 48 28 12 22 60 17 98
TEST 14 ARG:33 81 4 9 90 34 57 56 72 49 2 41 60 30 23 61 12 52 80 82 94 88 22 27 25 31 26 93 58 87 65 64 89 69 11 50 97 48 54 62 78 24 10 14 29 53 35 92 13 51 55 21 36 19 32 75 98 83 0 59 28 1 91 96 18 16 6 3 7 47 68 40 5 15 74 43 79 86 84 38 76 66 44 17 77 45 37 95 73 39 67 71 70 46 42 85 63 8 20 99
TEST 15 ARG:32 5 9 16 14 33 47 0 75 92 74 63 55 12 21 23 7 11 96 65 68 86 95 40 39 61 67 51 37 87 35 73 2 25 76 84 42 22 79 30 17 18 1 66 48 34 64 43 3 72 41 15 19 62 70 10 71 97 59 85 60 98 90 77 38 54 82 91 88 58 20 52 80 89 26 8 94 81 4 46 69 50 24 27 99 53 93 13 56 36 44 31 57 45 6 29 83 49 78 28
TEST 16 ARG:87 67 7 59 47 25 30 78 83 55 23 68 72 92 58 33 64 21 94 96 79 85 40 36 80 22 9 13 10 15 62 76 34 81 65 63 41 19 18 52 98 82 0 32 61 3 42 28 89 48 6 1 86 38 26 77 20 95 37 29 44 66 69 93 8 73 90 50 14 4 16 74 31 35 70 17 24 45 11 43 91 88 84 51 27 5 53 12 60 54 39 2 99 75 97 57 71 56 46 49
TEST 17 ARG:34 85 66 54 8 71 69 86 79 28 92 45 12 35 0 18 13 50 9 40 23 82 75 94 56 70 89 52 15 93 61 36 24 46 84 20 77 60 42 80 6 68 57 25 81 62 41 95 2 37 32 10 91 90 97 26 43 39 30 17 51 59 87 49 38 44 64 19 76 73 72 48 47 67 74 83 55 58 14 3 78 65 4 21 16 53 11 5 63 33 29 99 27 31 22 96 7 88 98 1
TEST 17 ARG:34 85 66 54 8 71 69 86 79 28 92 45 12 35 0 18 13 50 9 40 23 82 75 94 56 70 89 52 15 93 61 36 24 46 84 20 77 60 42 80 6 68 57 25 81 62 41 95 2 37 32 10 91 90 97 26 43 39 30 17 51 59 87 49 38 44 64 19 76 73 72 48 47 67 74 83 55 58 14 3 78 65 4 21 16 53 11 5 63 33 29 99 27 31 22 96 7 88 98 1
TEST 18 ARG:99 23 79 6 25 67 8 11 38 77 72 5 60 81 53 15 52 7 70 14 84 17 4 31 32 24 22 76 78 57 9 75 46 2 71 30 47 86 27 69 61 97 21 40 98 20 42 55 80 68 10 85 33 92 95 91 54 41 44 83 3 58 13 50 51 19 28 62 59 36 88 56 96 39 1 64 49 18 43 45 89 37 16 65 82 74 73 34 90 87 26 29 63 48 12 93 94 66 0 35
TEST 19 ARG:47 23 88 16 2 49 65 67 11 86 37 93 17 25 71 40 22 42 18 89 27 81 4 36 43 79 62 1 30 56 76 32 70 50 92 33 75 12 39 57 26 34 82 53 85 9 60 24 48 69 66 84 63 55 45 94 73 97 14 98 99 41 59 46 64 20 31 87 90 21 44 10 96 19 6 74 3 83 0 29 58 51 38 52 8 28 77 61 68 95 15 54 5 7 91 13 72 80 35 78
